x <- 1+1

y <- 2+2
y

z <- 3+3

a <- 4+4
